"species","x","y","wc2.1_2.5m_bio_12","wc2.1_2.5m_bio_15","wc2.1_2.5m_bio_3","wc2.1_2.5m_bio_4","wc2.1_2.5m_bio_8","wc2.1_2.5m_bio_9"
"species",1,1,908,56.9838218688965,54.937915802002,317.48583984375,21.9379997253418,14.1606664657593
"species",2,2,845,68.629508972168,57.4943161010742,329.983703613281,20.029333114624,12.2273330688477
"species",3,3,781,76.1268539428711,57.8474082946777,320.203582763672,23.3906669616699,15.6146669387817
"species",4,4,813,69.5867385864258,57.2368812561035,333.258850097656,20.1826667785645,12.3213329315186
"species",5,5,898,59.0156478881836,55.4319915771484,320.482543945312,21.4593334197998,13.9373331069946
"species",6,6,979,48.1279754638672,55.0383491516113,281.191986083984,23.2746658325195,16.7686672210693
"species",7,7,993,43.0908546447754,53.6556510925293,264.060363769531,23.6263885498047,17.091667175293
"species",8,8,939,54.9785194396973,56.3365745544434,269.91650390625,21.2293338775635,15.0699996948242
"species",9,9,898,59.4214134216309,55.2672348022461,324.854888916016,21.5526676177979,13.9306669235229
"species",10,10,901,57.0065803527832,54.7053146362305,316.674011230469,22.0540008544922,14.6373338699341
"species",11,11,1002,43.3838653564453,52.030590057373,278.732238769531,23.8053321838379,17.4093341827393
"species",12,12,948,76.3086547851562,57.283863067627,309.120025634766,17.7693328857422,10.2379999160767
"species",13,13,666,47.3806457519531,54.1711616516113,275.084075927734,12.4590911865234,19.1560611724854
"species",14,14,544,66.7596893310547,52.5910949707031,259.579132080078,13.4195652008057,19.6181163787842
"species",15,15,872,73.0452346801758,61.1278343200684,317.335388183594,19.259334564209,12.3400001525879
"species",16,16,870,72.3511428833008,61.5761528015137,311.025299072266,19.1766662597656,12.3900003433228
"species",17,17,1415,61.9950103759766,63.751880645752,249.536636352539,23.093334197998,17.4939994812012
"species",18,18,1432,58.9664039611816,64.7019577026367,253.145599365234,24.3546676635742,18.7000007629395
"species",19,19,945,74.3505020141602,56.34228515625,357.572265625,19.3473339080811,10.8619995117188
"species",20,20,448,34.2909927368164,53.2835388183594,315.092864990234,13.7080001831055,20.3420009613037
"species",21,21,772,109.24585723877,64.3002624511719,277.033111572266,24.1446666717529,17.6560001373291
"species",22,22,1368,46.2930717468262,65.2245712280273,257.717010498047,26.5386657714844,21.9873332977295
"species",23,23,1368,46.2930717468262,65.2245712280273,257.717010498047,26.5386657714844,21.9873332977295
"species",24,24,1368,46.2930717468262,65.2245712280273,257.717010498047,26.5386657714844,21.9873332977295
"species",25,25,1356,45.3140068054199,64.3124313354492,253.288909912109,26.6264705657959,21.8588237762451
"species",26,26,1502,47.4441261291504,64.4011611938477,254.296997070312,26.5892868041992,21.9190483093262
"species",27,27,629,76.8834686279297,58.3605575561523,338.842498779297,26.2180004119873,18.021333694458
"species",28,28,730,77.5325088500977,58.3333358764648,351.378753662109,18.923999786377,10.8746671676636
"species",29,29,678,17.7898979187012,55.1552200317383,273.691833496094,14.9856052398682,20.4356060028076
"species",30,30,935,62.8408393859863,56.3570785522461,325.213836669922,18.7773323059082,10.8326663970947
"species",31,31,648,26.8898754119873,59.9955215454102,257.524047851562,18.9773330688477,15.8966665267944
"species",32,32,668,35.8459548950195,60.7346115112305,278.976806640625,17.5699996948242,13.9633340835571
"species",33,33,1575,53.8993797302246,64.5114288330078,252.967407226562,25.5739994049072,21.0419998168945
"species",34,34,1173,44.0458717346191,65.4913635253906,258.789459228516,26.6273345947266,22.0460014343262
"species",35,35,1029,40.1195030212402,52.3516693115234,241.831314086914,23.908332824707,18.4983329772949
"species",36,36,807,53.8063812255859,56.7495956420898,251.534622192383,25.4086666107178,19.1720008850098
"species",37,37,998,41.834400177002,51.591968536377,260.498413085938,23.7388896942139,17.7930564880371
"species",38,38,846,49.1214904785156,55.7287101745605,273.172485351562,25.4139995574951,18.6520004272461
"species",39,39,823,44.4452362060547,65.4448165893555,265.160278320312,26.6345233917236,21.9047622680664
"species",40,40,784,60.196346282959,66.2746276855469,279.462158203125,25.9886665344238,19.8199996948242
"species",41,41,823,44.4452362060547,65.4448165893555,265.160278320312,26.6345233917236,21.9047622680664
"species",42,42,2581,43.7287139892578,61.9696998596191,217.678527832031,23.4899997711182,20.1333332061768
"species",43,43,688,19.1779098510742,54.9309349060059,219.261703491211,15.3057975769043,19.947826385498
"species",44,44,1356,45.3140068054199,64.3124313354492,253.288909912109,26.6264705657959,21.8588237762451
"species",45,45,1086,73.8545303344727,57.5971336364746,311.533447265625,17.5453338623047,9.90466690063477
"species",46,46,893,72.181282043457,57.1701049804688,346.171783447266,18.3253326416016,10.1393327713013
"species",47,47,786,73.6702575683594,55.4540138244629,391.485992431641,18.2740001678467,9.26266670227051
"species",48,48,1003,40.538444519043,53.3198013305664,264.119842529297,25.021333694458,18.4773330688477
"species",49,49,981,42.6730155944824,54.8776435852051,271.765777587891,23.9119052886963,17.2357139587402
"species",50,50,1027,47.0499610900879,56.2872772216797,226.431060791016,22.3486671447754,17.5499992370605
"species",51,51,1077,36.8000450134277,56.8722953796387,283.830993652344,24.4333343505859,17.6233329772949
"species",52,52,1015,42.6603736877441,56.1259460449219,278.604125976562,24.0559997558594,17.2406673431396
"species",53,53,648,22.8673362731934,56.5269088745117,250.145446777344,19.0659999847412,16.0353336334229
"species",54,54,648,22.8673362731934,56.5269088745117,250.145446777344,19.0659999847412,16.0353336334229
"species",55,55,1131,34.3832931518555,55.6344604492188,275.424468994141,24.8793334960938,18.1660003662109
"species",56,56,1113,72.4707412719727,61.1781692504883,283.946716308594,18.6246662139893,11.760666847229
"species",57,57,990,38.0210571289062,58.0629959106445,218.901763916016,19.4686660766602,16.8306655883789
"species",58,58,934,43.4191093444824,65.235481262207,264.558258056641,26.8126659393311,22.1653327941895
"species",59,59,489,67.0512847900391,61.488956451416,279.742279052734,26.509334564209,20.2726669311523
"species",60,60,489,67.0512847900391,61.488956451416,279.742279052734,26.509334564209,20.2726669311523
"species",61,61,884,74.3456192016602,60.1981658935547,337.392364501953,20.1166667938232,12.46399974823
"species",62,62,1127,43.3146629333496,64.7317886352539,257.276519775391,26.5864582061768,22.0229167938232
"species",63,63,835,61.1479911804199,58.1182098388672,307.881927490234,19.5473327636719,11.9940004348755
"species",64,64,742,58.7619819641113,59.552360534668,272.676483154297,25.5279998779297,18.818000793457
"species",65,65,473,60.4170074462891,61.1507186889648,266.057922363281,26.3000011444092,21.5373344421387
"species",66,66,1084,43.8461875915527,58.1712760925293,270.212219238281,23.6760005950928,17.1253337860107
"species",67,67,1041,47.0600814819336,57.5579071044922,233.737930297852,20.941333770752,15.1433334350586
"species",68,68,898,80.3261489868164,59.9481811523438,285.996826171875,22.7679996490479,15.8146667480469
"species",69,69,694,78.875358581543,59.2594146728516,366.135192871094,19.2220001220703,10.8666658401489
"species",70,70,247,44.1077156066895,53.3594856262207,461.501586914062,20.7859992980957,9.77266693115234
"species",71,71,302,45.9707221984863,52.5282325744629,485.270324707031,17.7486667633057,6.1486668586731
"species",72,72,281,35.6811485290527,53.231388092041,482.240264892578,20.7666664123535,11.1006669998169
"species",73,73,886,61.8591156005859,57.3820381164551,355.625152587891,20.5846672058105,12.039999961853
"species",74,74,900,45.968822479248,59.9995956420898,228.851440429688,18.6060009002686,15.6453332901001
"species",75,75,1078,38.6672248840332,55.9125137329102,215.055084228516,23.5516662597656,18.9166660308838
"species",76,76,1001,44.8628158569336,52.7932434082031,279.615051269531,23.5326671600342,16.6159992218018
"species",77,77,498,24.1938285827637,58.9268341064453,306.308166503906,18.6126670837402,14.3326663970947
"species",78,78,678,60.1013069152832,57.8447303771973,329.260314941406,21.2373332977295,13.1166667938232
"species",79,79,699,54.3293342590332,66.3721389770508,289.133392333984,27.042667388916,22.0860004425049
"species",80,80,487,73.1678771972656,60.8132934570312,314.798095703125,27.4893341064453,20.7006664276123
"species",81,81,777,71.2667083740234,55.166690826416,382.534698486328,21.2866668701172,12.1199998855591
"species",82,82,909,56.8128280639648,58.975658416748,284.525512695312,21.7119998931885,15.7666664123535
"species",83,83,791,31.8252983093262,55.7906036376953,241.731140136719,19.2159996032715,16.3053340911865
"species",84,84,965,51.7045478820801,58.4807014465332,260.397766113281,20.5299987792969,14.0806665420532
"species",85,85,760,55.6173210144043,59.6450462341309,277.050567626953,20.1240005493164,13.688666343689
"species",86,86,977,41.9342041015625,54.3668975830078,266.689392089844,23.7899990081787,17.2099990844727
"species",87,87,955,50.531005859375,60.7906913757324,251.571502685547,23.4759998321533,17.246000289917
"species",88,88,782,44.2123718261719,65.8451919555664,270.267974853516,26.8714294433594,22.0555553436279
"species",89,89,775,48.4296493530273,66.1734771728516,280.0009765625,27.029333114624,22.1473331451416
"species",90,90,1292,98.7050857543945,61.285961151123,252.973617553711,15.4320001602173,10.0539999008179
"species",91,91,448,82.9901733398438,63.999813079834,317.648193359375,27.6513328552246,20.9153327941895
"species",92,92,699,54.3293342590332,66.3721389770508,289.133392333984,27.042667388916,22.0860004425049
"species",93,93,823,44.4452362060547,65.4448165893555,265.160278320312,26.6345233917236,21.9047622680664
"species",94,94,564,58.5493850708008,65.2941284179688,303.12939453125,26.4659996032715,19.7893333435059
"species",95,95,582,56.5951652526855,65.2246322631836,300.203826904297,26.2919998168945,21.1133327484131
"species",96,96,427,72.4100036621094,60.4997253417969,276.299591064453,26.4976196289062,20.3206348419189
"species",97,97,1076,43.4007606506348,64.43310546875,252.957275390625,26.2507934570312,21.7333335876465
"species",98,98,590,73.333381652832,66.5608367919922,304.684967041016,27.4973335266113,20.9653339385986
"species",99,99,740,54.3675575256348,66.054931640625,282.638580322266,26.5073337554932,21.6333332061768
"species",100,100,1081,52.5041275024414,59.8054809570312,253.080932617188,21.8486671447754,15.6719999313354
"species",101,101,877,65.4619674682617,57.6830635070801,307.555572509766,19.3473339080811,11.9820003509521
"species",102,102,427,72.4100036621094,60.4997253417969,276.299591064453,26.4976196289062,20.3206348419189
"species",103,103,1076,43.4007606506348,64.43310546875,252.957275390625,26.2507934570312,21.7333335876465
"species",104,104,1514,48.0087661743164,65.013801574707,256.5146484375,26.6046676635742,21.957332611084
"species",105,105,1006,42.5575256347656,64.949104309082,255.928131103516,26.5349998474121,21.9933338165283
"species",106,106,800,102.66674041748,70.0673446655273,244.855194091797,26.1946659088135,20.9266662597656
"species",107,107,893,72.567756652832,57.0459785461426,355.327972412109,18.7853336334229,10.0699996948242
"species",108,108,953,49.2537384033203,55.4718475341797,250.092834472656,22.8093338012695,17.3239994049072
"species",109,109,273,64.7113571166992,50.678295135498,583.912963867188,20.4179992675781,9.16199970245361
"species",110,110,1191,87.0958251953125,63.1734199523926,271.057800292969,21.5073337554932,15.826000213623
"species",111,111,1079,92.6270523071289,63.3512535095215,272.188446044922,21.5279998779297,15.9420003890991
"species",112,112,1006,42.5575256347656,64.949104309082,255.928131103516,26.5349998474121,21.9933338165283
"species",113,113,582,56.5951652526855,65.2246322631836,300.203826904297,26.2919998168945,21.1133327484131
"species",114,114,503,21.5731887817383,52.8276214599609,384.703063964844,18.1946678161621,9.48466682434082
"species",115,115,552,108.185882568359,64.728645324707,308.305694580078,28.2045440673828,21.850757598877
"species",116,116,709,45.9075660705566,65.3741149902344,274.26708984375,26.7240753173828,21.7953701019287
"species",117,117,1254,90.31005859375,62.2330741882324,282.477996826172,23.6873321533203,17.7933330535889
"species",118,118,783,92.590576171875,65.3702774047852,307.663543701172,27.503999710083,21.1393337249756
"species",119,119,801,43.1391563415527,59.0284194946289,250.939193725586,18.4219989776611,15.2113332748413
"species",120,120,564,110.497039794922,65.8538970947266,305.579345703125,28.5152778625488,22.1152782440186
"species",121,121,586,49.7446479797363,66.7548904418945,298.070404052734,27.1893329620361,21.8586673736572
"species",122,122,611,17.3735332489014,55.6014099121094,297.190124511719,15.9113330841064,21.5193328857422
"species",123,123,732,18.4669246673584,56.1612930297852,233.229370117188,15.2200002670288,20.1173324584961
"species",124,124,619,76.4425048828125,58.7699432373047,350.478973388672,25.1826667785645,16.6393337249756
"species",125,125,552,108.185882568359,64.728645324707,308.305694580078,28.2045440673828,21.850757598877
"species",126,126,1328,81.4592819213867,64.1017456054688,277.95751953125,22.7933330535889,16.8906669616699
"species",127,127,854,70.4256134033203,57.4776878356934,338.683502197266,19.4953327178955,11.4399995803833
"species",128,128,842,70.674934387207,57.7589073181152,360.543151855469,19.517333984375,10.9079999923706
"species",129,129,465,74.1576080322266,63.0864677429199,312.307342529297,27.5686664581299,20.7393341064453
"species",130,130,703,110.072265625,66.4617462158203,282.022094726562,25.9853324890137,19.3306655883789
"species",131,131,1104,41.5236549377441,58.3122329711914,274.142974853516,23.8813343048096,17.2646675109863
"species",132,132,830,46.0883293151855,59.5117225646973,243.496109008789,18.4233341217041,15.3080005645752
"species",133,133,975,42.3208427429199,53.6160049438477,259.039031982422,23.669792175293,17.2614593505859
"species",134,134,1548,102.768035888672,69.9399490356445,201.581359863281,21.6380004882812,17.0113334655762
"species",135,135,541,16.9470481872559,55.5595016479492,302.18115234375,18.3500003814697,14.3273334503174
